{
    "cells": [
        {
            "cell_type": "code",
            "execution_count": 59,
            "id": "e0e099a8",
            "metadata": {},
            "outputs": [],
            "source": [
                "import numpy as np\n",
                "import json_tricks\n",
                "\n"
            ]
        },
        {
            "cell_type": "code",
            "execution_count": 60,
            "id": "d9266a90",
            "metadata": {},
            "outputs": [],
            "source": [
                "inputs = json_tricks.load('inputs.json')\n",
                "answer = {}"
            ]
        },
        {
            "cell_type": "markdown",
            "id": "5507914f",
            "metadata": {},
            "source": [
                "# Task\n",
                "\n",
                "Code the orthonormalization algorithm: it should accept the column matrix with vectors and it should return orthonormalized cooumn matrix of vectors that were orthonormalized in the order from the first one to the last one.\n",
                "\n",
                "To make the algorithm stable from the point of view of division, divide not with the length of the vector, but with length plus some small value `eps`. This way your algorithm will never return division by zero, and the problematic vectors will be highlighted by the vectors in the result that have zero length."
            ]
        },
        {
            "cell_type": "code",
            "execution_count": null,
            "id": "ccd276d0",
            "metadata": {},
            "outputs": [],
            "source": [
                "def orthonormaization(X, eps=1.0e-8):\n",
                "    res = X.copy()\n",
                "\n",
                "    n = res.shape[1]\n",
                "\n",
                "    othonormal = []\n",
                "    for i in range(n):\n",
                "        current = res[:, i] # i-th col vector\n",
                "        \n",
                "        if not i:\n",
                "            othonormal.append(current / (np.linalg.norm(current) + eps))\n",
                "            continue\n",
                "        \n",
                "        for j in range(len(othonormal)):\n",
                "            projection = np.dot(othonormal[j], current) * othonormal[j]\n",
                "            current -= projection\n",
                "    \n",
                "        length = np.linalg.norm(current)\n",
                "        current /= (length + eps)\n",
                "        othonormal.append(current)\n",
                "\n",
                "    res = np.array(othonormal).T\n",
                "    return res"
            ]
        },
        {
            "cell_type": "code",
            "execution_count": 62,
            "id": "8a0f0dc8",
            "metadata": {},
            "outputs": [],
            "source": [
                "answer['orthonormalized'] = []\n",
                "for inp in inputs:\n",
                "    Y = orthonormaization(**inp)\n",
                "\n",
                "    answer['orthonormalized'].append(Y)\n",
                "\n",
                "    for index in range(Y.shape[1]):\n",
                "        for index2 in range(Y.shape[1]):\n",
                "            if index != index2:\n",
                "                assert np.abs(Y[:, index] * Y[:, index2]).sum() > 0.0e-4, \"Different vectors should be orthogonal or zero\""
            ]
        },
        {
            "cell_type": "code",
            "execution_count": 63,
            "id": "e0cd16d6",
            "metadata": {},
            "outputs": [
                {
                    "data": {
                        "text/plain": [
                            "'{\"orthonormalized\": [{\"__ndarray__\": [[0.2842676216054604, 0.0, -0.6396021486122858, 0.0710669054013651, 0.2842676216054604, -0.5685352432109207, -0.2842676216054604, -0.1421338108027302], [-0.0705889785213208, 0.0, 0.23478508084192298, 0.058312634538620976, 0.2332505381544839, -0.3145813179710654, 0.602308132703979, -0.6483444232599003], [-0.2632728501500025, -0.44492259690123637, -0.09984512691263737, 0.4178396109513382, 0.6543925080310983, 0.3259145262673356, 0.010046375629619722, 0.11671133346250623], [-0.4798723256005069, -0.17246365947937264, -0.46349356742136494, -0.23778973848194576, -0.20386103999621286, -0.19498810241891462, 0.5104242229263978, 0.3584634116960083], [0.7317215981569276, -0.30249760202428977, -0.22935108130946746, 0.023371228503966727, -0.1387949807841948, 0.3311092234748725, 0.4357780593057753, 0.03362569696285895]], \"dtype\": \"float64\", \"shape\": [5, 8], \"Corder\": true}, {\"__ndarray__\": [[-0.25264557610718974, 0.5895063442501094, -0.5895063442501094, 0.25264557610718974, 0.4210759601786495], [0.3117051506303324, -0.019035429565198308, 0.4663680118213524, 0.6947931594460144, 0.4497120105044465], [-0.7041110689745198, -0.6040568209261425, -0.010732825188151099, 0.06921833846051662, 0.36665595065246354], [0.579417990042241, -0.4968320348098941, -0.5704623525497183, -0.08001797344432539, 0.2925791323441777], [-0.08667469860570103, -0.20098061427926145, -0.33081816195858504, 0.6650102451877326, -0.6327835284482349], [-0.4911016318158511, -0.14627436472724348, -0.2553684373682467, -0.16590727274712913, -0.6183146910330002]], \"dtype\": \"float64\", \"shape\": [6, 5], \"Corder\": true}, {\"__ndarray__\": [[0.1638463839695799, 0.6553855358783196, -0.3276927679391598, 0.4096159599239498, -0.4915391519087397, -0.1638463839695799], [-0.6765965864506602, 0.518504477047195, -0.18914591628773153, -0.35947134364519656, 0.2070253812194647, 0.2559586530354642], [0.2197073496517347, -0.29250328008592646, -0.7554502000225258, -0.4451328119268322, -0.24741818686370648, 0.1900171688519221], [-0.6368913674703176, -0.4048964374565301, 0.05920951629806519, 0.1656437013600076, -0.6269867211187562, -0.07982673628417454], [0.24548044214076828, 0.18378958119788064, 0.5026062101081579, -0.35179566233355564, -0.4828445913449017, 0.5444709721500853], [-0.03476802976266405, -0.1354436889925724, -0.17325554365235932, 0.5946880092532817, 0.16751942078816487, 0.754130034546698], [0.9121709707552638, 0.13298396095413356, 0.14458391931887848, -0.2732010607295953, 0.038412419895458065, 0.1711876870449164], [0.10617264285502045, -0.07139352657386275, -0.6994818761947806, 0.036987415675201, -0.39712696122752805, 0.042884582849541684]], \"dtype\": \"float64\", \"shape\": [8, 6], \"Corder\": true}, {\"__ndarray__\": [[-0.5188745212781554, -0.5188745212781554, 0.1482498632223301, -0.2964997264446602, -0.5929994528893204], [-0.2172766233361473, 0.467473945793487, -0.5126223352806153, -0.6866317522628552, -0.003762366266441809], [0.49991905331900294, -0.2430966180610379, 0.4519112126307902, -0.6622870412450966, 0.21940168931275936], [0.22185429572752574, 0.6067626207335156, 0.42751951492603657, 0.027180196776024925, -0.631750023558065], [0.6200175216519841, -0.29151416431043914, -0.5729254672145634, 0.03552268727533711, -0.4484331507653968], [-0.1245317384696058, 0.3298334591135823, -0.8034298752810004, -0.0857512824955749, -0.3075977894638341]], \"dtype\": \"float64\", \"shape\": [6, 5], \"Corder\": true}, {\"__ndarray__\": [[-0.1104315259528953, 0.9938837335760577], [0.9938837278118302, 0.11043153316427894], [0.8220919356578711, -0.24911882976076052], [0.01759549581762925, 0.6852110726637284]], \"dtype\": \"float64\", \"shape\": [4, 2], \"Corder\": true}, {\"__ndarray__\": [[-0.24388430419117804, 0.365826456286767, -0.5487396844301505, -0.365826456286767, -0.609710760477945], [-0.6474136049373748, -0.49922512517215395, -0.06802094145188914, 0.49922512517215395, -0.27888586043884], [-0.12608458080475826, -0.64615899458895, -0.021636670639875153, -0.7415816299171761, 0.1271604156416512], [0.4057268351503118, -0.29471553586529153, -0.7963700651522229, 0.2500684072796406, 0.22757196026584808], [0.5838360050330625, -0.3355094409991574, 0.24409932685460958, 0.0668412600778318, -0.6946342167719379], [0.44145534100986034, -0.26532587086669396, 0.144786959805494, 0.39469675268911053, 0.1947407721668967], [0.24982717576323799, 0.360342586061293, -0.27590539977548223, 0.35150075702716144, -0.5091302376527936]], \"dtype\": \"float64\", \"shape\": [7, 5], \"Corder\": true}, {\"__ndarray__\": [[-0.5286548800147268, -0.2643274400073634, -0.6608186000184085, 0.46257302001288597], [0.4280634680574404, 0.6579924862919554, -0.6192186208126108, -0.019386932739672232], [0.29978955606355595, -0.6076712914082809, -0.4195680417485432, -0.6040070200728425]], \"dtype\": \"float64\", \"shape\": [3, 4], \"Corder\": true}, {\"__ndarray__\": [[0.6897304940353935, 0.49266463859670967, 0.49266463859670967, -0.19706585543868385], [-0.4708491740937591, 0.5766989898650119, -0.175199692431915, -0.6442238712093146], [-0.13828539710454074, 0.6504170061791844, -0.16549003201190277, 0.7283185529933875], [0.5324002640809076, 0.04071295380372833, -0.836181600352658, -0.12527064650254768], [0.7217206862692189, 0.23043220089077712, -0.24048134128166557, -0.20872133970641044]], \"dtype\": \"float64\", \"shape\": [5, 4], \"Corder\": true}, {\"__ndarray__\": [[-0.6262242906929926, -0.4383570034850948, 0.3131121453464963, -0.5636018616236934], [0.531747716699172, -0.369777104584149, -0.4956970240095411, -0.5786136170065388], [0.43515173432230536, -0.6261797139049262, 0.5640308259383994, 0.31687719814281645], [0.36841616371421004, 0.5282111269240458, 0.5814761132717617, -0.49713988307206164], [0.08291634060693129, -0.5106595709010231, 0.3656853975412991, -0.3203321632212624]], \"dtype\": \"float64\", \"shape\": [5, 4], \"Corder\": true}, {\"__ndarray__\": [[-0.9284766900231903, -0.3713906760092761], [0.3713906758818398, -0.9284766898132952], [0.33485723047544147, 0.5038804452178793], [0.532038469971123, -0.529511383105316], [-0.1887186123748251, 0.3110997735737561]], \"dtype\": \"float64\", \"shape\": [5, 2], \"Corder\": true}, {\"__ndarray__\": [[0.5286548800147268, 0.1321637200036817, -0.6608186000184085, 0.33040930000920427, 0.3964911600110451], [0.026956578583765562, 0.5732538172848133, 0.5718889268325353, 0.4954550850511418, 0.31324226461310267], [-0.6864654542265664, 0.36040140974076396, -0.34086949493878804, -0.27418761214699966, 0.4555273233485233], [-0.0011155154169288119, -0.6475137854083591, 0.28220225489410794, -0.02377548134973176, 0.7074752745158266]], \"dtype\": \"float64\", \"shape\": [4, 5], \"Corder\": true}, {\"__ndarray__\": [[-0.4424010106428165, 0.49770113697316853, 0.1659003789910562, -0.1659003789910562, -0.4424010106428165, -0.5530012633035206], [-0.1835658674091631, -0.49647020956529864, 0.42750138925833775, -0.5996601999686905, 0.3329105647218952, -0.258150469379846], [-0.7356665027057635, -0.3357988817373672, 0.140267666867245, 0.28338986744376354, -0.23906001589108422, 0.4346255615578447], [-0.04779738268982554, 0.09130583983219843, -0.4344534192415047, -0.7222410186064004, -0.2918642876602473, 0.44024087309110205], [0.4466112222348428, -0.42319272431232857, 0.2574940053681161, 0.01711247830896618, -0.7412959566541105, -0.07301120563743745], [-0.16623338914160232, -0.45345471733132686, -0.7176292017482058, 0.10319865913709178, -0.03997187567983966, -0.48939339232649404], [-0.6012234163255913, 0.15485956029374448, -0.08015655264782943, 0.26324117402702885, 0.09755277858902646, 0.5261072058801026]], \"dtype\": \"float64\", \"shape\": [7, 6], \"Corder\": true}, {\"__ndarray__\": [[-0.5549637740381813, 0.0, -0.43163849091858547, 0.30831320779898963, -0.12332528311959584, 0.12332528311959584, 0.49330113247838336, -0.3699758493587875], [-0.43994633251483534, -0.3621467462219259, -0.22146489877089667, 0.0633412560639456, 0.08330752144099951, -0.6265276407738883, -0.45394566783797335, 0.12920698224902324], [0.2696774219542768, -0.6211620946143012, 0.014238996299774301, 0.415767175924266, -0.5234198326091468, 0.12448217169135287, 0.09284684618617307, 0.26510748114848], [-0.22416546282228705, 0.30484221826381896, 0.43706216929095837, -0.11821781097605256, -0.7298101455731115, -0.2874356823966299, -0.04574534809147829, -0.1857081514897338], [0.382931186955317, 0.09512958553610092, 0.2067240117687961, 0.5258320373787861, 0.24732752991379123, -0.5457768663580266, 0.22804981199246768, -0.33768314506062597], [0.4602295703430939, 0.20341784475885683, -0.7114973062811567, -0.25251346504094835, -0.3208159976662038, -0.26414617858546896, -0.008843559746297793, -0.0635935328998406], [0.12947658299363055, -0.3541435828923581, 0.02227422130049758, -0.1146515220103238, -0.020508642430242603, 0.23054492066712634, -0.41552564220349303, -0.7860940769184249], [0.016571874302637114, -0.46285253739113313, 0.15477741283743837, -0.6005711455440835, 0.08212883161494564, -0.27081793393811593, 0.5613623273123814, -0.07507323443365833]], \"dtype\": \"float64\", \"shape\": [8, 8], \"Corder\": true}, {\"__ndarray__\": [[-0.051031036281941215, -0.4592793265374709, 0.4082482902555297, 0.10206207256388243, 0.25515518140970606, 0.4592793265374709, -0.4082482902555297, 0.4082482902555297], [-0.31342512617798074, 0.3007797322021903, -0.36645836093540773, -0.3145864379341389, -0.36529704917924966, 0.19471326268733624, -0.6245276288436453, 0.12903463395411877], [-0.28206125979496083, -0.04650958835767358, -0.3470742909147832, 0.42218200913794174, 0.45728634539622, 0.20061532571365812, -0.21257116800450343, -0.5701195298697752]], \"dtype\": \"float64\", \"shape\": [3, 8], \"Corder\": true}, {\"__ndarray__\": [[-0.6274558047444577, 0.0, 0.18823674142333732, -0.5019646437955662, -0.5647102242700119], [-0.7168205714756842, 0.0604891778041531, -0.510823962207132, 0.27339203207759605, 0.3831775083424869], [-0.2555280002516277, 0.33977056035753056, 0.7899784248412428, 0.14689248586505588, 0.4166750414924279], [-0.09997395809396734, -0.07570744011342691, 0.1445885256248509, 0.8072660111020747, -0.5582914370370917]], \"dtype\": \"float64\", \"shape\": [4, 5], \"Corder\": true}, {\"__ndarray__\": [[0.47301616456000545, -0.47301616456000545, -0.40544242676571896, 0.40544242676571896, -0.47301616456000545], [0.20868662404453267, -0.5946863764247696, -0.20093137788847007, -0.5710681268720038, 0.4861129302398938], [-0.17416793909243256, 0.1622568045080347, -0.6004741403736626, 0.4823431992024124, 0.5917044037546578]], \"dtype\": \"float64\", \"shape\": [3, 5], \"Corder\": true}, {\"__ndarray__\": [[-0.37796447277113193, 0.3149703939759433, -0.12598815759037732, 0.06299407879518866, -0.37796447277113193, 0.06299407879518866, 0.44095855156632063, -0.6299407879518866], [-0.046494866807299216, 0.19243708803863765, -0.2505556717698701, 0.5049859158477179, -0.5346909696165915, 0.34225388157795383, -0.3706674115403127, 0.32029797242503577], [0.2263152021094436, 0.734184463901465, 0.1361275635404023, -0.4399272935054604, -0.21698169954156382, -0.3057322752722165, -0.2112614320865111, 0.11181765941601278], [0.05073821217614688, 0.11200003073098518, 0.6304229817393947, 0.5361343068112375, 0.13086471978148043, -0.18690369516256974, -0.32859049511838445, -0.374136626069112], [-0.7245085137906954, -0.034901576282521614, 0.357459327221717, -0.36659798099497404, 0.02076250600104406, 0.3117097100030553, -0.3218620213613081, 0.10251271073299131], [0.1382994811083258, 0.4159307788466698, 0.2839211327281606, 0.13851978230505782, 0.3368831384195735, 0.5683676018962863, 0.45449556986817463, 0.2549072277719078], [0.5049020553947905, -0.22311925727557064, 0.1443401420809754, -0.32615640655830797, -0.25715850523466366, 0.5435331075466222, -0.2006159291694809, -0.40776726597725993], [-0.047145806693445286, 0.2969714608447896, -0.5255116871441594, 0.009227058486442886, 0.5718303578353053, 0.18669733164642305, -0.4063864925492671, -0.32610077208961724], [0.4454909152524197, -0.13697020445715105, -0.1637649207909931, 0.19149972907541044, 0.22170590696921702, -0.27430436110896017, 0.08337205726711021, 0.3355754011663067]], \"dtype\": \"float64\", \"shape\": [9, 8], \"Corder\": true}, {\"__ndarray__\": [[-0.3999999996, 0.1999999998, -0.1999999998, 0.5999999993999999, 0.1999999998, -0.5999999993999999], [-0.06975303801992004, 0.14860429837048575, -0.3002413375178534, -0.7672834180674839, 0.14860429837048575, -0.5216314146851411], [0.7779294569077806, 0.3625729379258417, -0.4536874545320535, 0.20264227431638485, 0.12833232800867375, -0.0011131241476526924], [-0.4549222565388683, 0.4815368289322636, -0.3538415761576817, -0.07826457605926723, 0.2750195928884037, 0.5951495948432765], [-0.051890763475085644, -0.7535293235940184, -0.6025081795603852, 0.05829117541429717, 0.22242185815902665, 0.11668525545318767]], \"dtype\": \"float64\", \"shape\": [5, 6], \"Corder\": true}, {\"__ndarray__\": [[0.7999999984, 0.5999999988], [-0.5999999980545454, 0.7999999986181818], [0.5496272460607162, -0.636410476101359]], \"dtype\": \"float64\", \"shape\": [3, 2], \"Corder\": true}, {\"__ndarray__\": [[-0.5019646437955662, -0.31372790237222886, -0.12549116094889154, 0.31372790237222886, -0.37647348284667465, -0.6274558047444577], [0.49754163302484655, 0.1539178501657481, -0.485321312410585, 0.06779368462217793, 0.3916321860009621, -0.579010438820208], [0.6539074794641602, -0.157876478648037, 0.09662300433527689, 0.44587435996572594, -0.5732800290980613, 0.1033928516344134], [0.15905560852056044, -0.6950348415040516, -0.3332779751016851, -0.597751698698034, -0.13571588386910274, 0.06948221022549632], [-0.20834152752480678, -0.08945135947716391, -0.6828539902329817, 0.46052794993440205, 0.12124619109559148, 0.5054859606775066], [0.06468343202822613, -0.6015680605963237, 0.4025113756153454, 0.3588617911546906, 0.5857666047061254, -0.0034940523239172633], [0.06809374434301507, -0.5084086725938344, -0.18127298924470794, 0.5943130331552422, -0.10634625512296975, 0.03379400137686309]], \"dtype\": \"float64\", \"shape\": [7, 6], \"Corder\": true}, {\"__ndarray__\": [[-0.5144957551334088, -0.45732956011858567, 0.28583097507411603, 0.34299717008893926, -0.34299717008893926, -0.45732956011858567], [0.10224765594747412, -0.517281287109372, -0.5088210787336234, -0.6105852944803482, -0.20304499129269993, -0.22141572864644546]], \"dtype\": \"float64\", \"shape\": [2, 6], \"Corder\": true}, {\"__ndarray__\": [[-0.06509445544803905, 0.19528336634411717, -0.6509445544803906, -0.5858500990323514, -0.39056673268823433, 0.19528336634411717], [-0.07850858252940232, -0.5267031488662023, 0.15304204726524964, -0.6479442507296664, 0.23254440924304073, -0.4680701568312477], [0.6332689288615685, 0.3583530503771868, -0.32589705512066997, -0.03668499030783364, 0.5178396050245698, -0.3079626887510891], [0.15214067191235742, -0.5330535862415773, -0.25098051766330876, 0.02426126509198796, 0.4249065838686839, 0.6697623860167342], [-0.14200198892352037, 0.5023713473139778, 0.4863054200672484, -0.44989016909959945, 0.34503851414031184, 0.41171926903378114], [-0.7384158924566095, 0.13967161521467114, -0.38360975208870357, 0.18058874302460773, 0.47500063796304093, -0.17274078796210482]], \"dtype\": \"float64\", \"shape\": [6, 6], \"Corder\": true}, {\"__ndarray__\": [[-0.4295465637080015, 0.1909095838702229, -0.4772739596755572, -0.2863643758053343, 0.2863643758053343, -0.4295465637080015, 0.0, 0.2386369798377786, -0.3818191677404458], [-0.09231938342353344, 0.3667095390803317, 0.43604537600479465, -0.26822697034849263, 0.38096190565729465, 0.3022528901572736, 0.45093974123520797, -0.2743901556567983, -0.2824793369254555], [0.1791388674842745, -0.4254866479580629, -0.2969298970063752, -0.40476740013592627, -0.10733152793099913, -0.22924935019992285, 0.4822704007380887, -0.46540206380909005, 0.1469939561827503], [-0.551283126896527, 0.3699247193815356, 0.1159947651963521, 0.17483096280946098, -0.4645876469231133, -0.244880001027603, 0.2874504420349274, -0.13302216307922196, 0.3729496142493244], [-0.12350466500338562, 0.11268860936616597, 0.18303859487081797, -0.6666340551311066, -0.018042847108717387, 0.0038101183446993176, -0.5907456345600169, -0.19403402437815262, 0.3273745731506756]], \"dtype\": \"float64\", \"shape\": [5, 9], \"Corder\": true}, {\"__ndarray__\": [[0.618718432991354, 0.08838834757019343, -0.17677669514038685, -0.618718432991354, 0.3535533902807737, 0.2651650427105803], [-0.5556874556880538, 0.19524153889412593, 0.4833252076421732, -0.4055016582854138, 0.0819195272321636, 0.4983437881393352], [-0.16395514934444502, -0.7729628124274459, 0.19630262474355695, -0.31087742315162, 0.3157025716953196, -0.37523271639255806], [-0.2915790950419697, 0.5254398553639948, -0.16624631909548154, -0.044109633391032604, 0.5963429473132021, -0.5036726901747187], [-0.07908251684341522, 0.18261151609616727, -0.0888592480707171, -0.5851218819319522, -0.6426374062471462, -0.44401865835700577], [0.4361711132915505, 0.2171698023001767, 0.8130671690164185, 0.10861793454414798, 0.00365102104294547, -0.29950396573178556]], \"dtype\": \"float64\", \"shape\": [6, 6], \"Corder\": true}, {\"__ndarray__\": [[0.19802950839925643, -0.39605901679851285, -0.09901475419962821, -0.891132787796654], [0.6306147736655081, 0.36719341282432316, -0.6817025528677053, 0.052684272780941004], [-0.6414242512947909, -0.24934571058915067, -0.7238981412936238, 0.04871471914162243], [-0.38946662302361723, 0.8038239644265084, 0.03806816527143435, -0.44803302870618134], [0.4153240036875246, 0.1170372454809301, 0.6768093830503835, 0.02411017646087249], [0.20440582579384295, -0.029613506914619534, 0.36754494305600627, -0.1974986241938261], [0.01588453318651249, 0.7138837293810828, -0.21994949644168504, 0.19013583692953476], [-0.27365072381850003, -0.3709077640327896, 0.12442963889171742, 0.42717265603570914]], \"dtype\": \"float64\", \"shape\": [8, 4], \"Corder\": true}, {\"__ndarray__\": [[-0.4472135950999579, -0.8944271901999158], [0.8944271900955679, -0.44721359513474046], [-0.5838366665297525, -0.30518730088871876], [0.04070664270382932, 0.42733776361351716], [-0.19500290126638023, -0.4217773303331281], [-0.4237068440498873, 0.11983747409971637]], \"dtype\": \"float64\", \"shape\": [6, 2], \"Corder\": true}, {\"__ndarray__\": [[-0.10862508925971663, -0.4888129016687249, -0.2715627231492916, 0.10862508925971663, -0.5431254462985832, -0.2715627231492916, -0.5431254462985832], [-0.4888289001023531, 0.3384200079752497, 0.35722111943752793, 0.09400555767900044, 0.3196188964517032, -0.4324255654091774, -0.47002778839500214], [0.24012185258801044, 0.005525082911979624, -0.6144242863073788, -0.37061904579013744, 0.4600727671778811, -0.4619144606673679, -0.04902414645293189], [-0.11668333571226058, -0.5977329357088373, 0.4859072536202092, -0.46235901304436894, 0.07994689223169663, -0.2946653220585747, 0.29325664730843354], [-0.34117476651740863, 0.06269296845918129, -0.11537068594449931, -0.6762885164514516, -0.007789642209601327, 0.5468946382222905, -0.33141875612670835], [-0.7488849466440559, -0.0643375760858546, -0.4125046920962822, 0.1704687786927893, -0.013833316694137726, -0.04323666506973986, 0.4834785569890448], [0.027285615734425655, 0.5302347826845635, 0.039410390043808384, -0.37656797171757467, -0.6201193442228806, -0.37162622095753384, 0.22824524050376918]], \"dtype\": \"float64\", \"shape\": [7, 7], \"Corder\": true}, {\"__ndarray__\": [[-0.3333333329629629, 0.6666666659259258, 0.6666666659259258], [-0.9095880526472556, -0.041344911812846184, -0.41344911523431765], [0.24806947859502723, 0.7442083994712639, -0.6201736688561824], [0.17254246551582825, -0.4846608402949269, 0.6716166855030118], [0.4878055211528112, -0.690197330618731, -0.056563215299674084], [0.3793142475113073, -0.45507469439059905, -0.2714982296330004]], \"dtype\": \"float64\", \"shape\": [6, 3], \"Corder\": true}, {\"__ndarray__\": [[0.099503718921989, -0.99503718921989], [-0.9950371889526826, -0.0995037194253888], [-0.6633581506360261, -0.06633581358330536]], \"dtype\": \"float64\", \"shape\": [3, 2], \"Corder\": true}, {\"__ndarray__\": [[-0.49827287870864667, -0.6643638382781956, -0.49827287870864667, 0.24913643935432334], [0.11413446739732316, -0.6711788066847537, 0.5258135156712488, -0.5099141867999798]], \"dtype\": \"float64\", \"shape\": [2, 4], \"Corder\": true}, {\"__ndarray__\": [[-0.3162277650168379, 0.9486832950505137], [0.9486832958436171, 0.3162277691892518], [-0.3034581430981721, -0.4600816526009719], [0.07074714327843991, -0.724696869512994], [-0.5815925463221193, 0.4087018919626188], [-0.10642019689274038, -0.49784314437021754]], \"dtype\": \"float64\", \"shape\": [6, 2], \"Corder\": true}, {\"__ndarray__\": [[-0.7432941456946801, -0.6689647311252122], [0.6689647289613085, -0.7432941184755273]], \"dtype\": \"float64\", \"shape\": [2, 2], \"Corder\": true}, {\"__ndarray__\": [[-0.19867985342817762, -0.19867985342817762, -0.3311330890469627, -0.6622661780939254, -0.39735970685635524, -0.46358632466574773], [0.6283802226045502, -0.019903446036082285, -0.6334350662088708, -0.18639735135002103, 0.3923822203549237, 0.12163216963745344], [-0.0905002714854598, 0.7299496770733034, -0.4389227384544734, 0.36215913008863815, -0.28111997176341585, -0.23694371478546475], [-0.037580992443091675, -0.14104702186930027, -0.25352054428596305, 0.004953036445965624, -0.5877098292244328, 0.7543164864844631], [-0.6134539780046387, 0.32469038707665526, -0.14340166250116876, -0.3776759807776949, 0.47748142317422737, 0.35645290634149623], [-0.4239530601178784, -0.5495320985957154, -0.4600228474308219, 0.5028286182965231, 0.18900174641377765, -0.1345324271663477], [0.067791124304284, 0.38384463768790184, -0.07458045582729997, 0.4177091144605799, 0.653712678603437, 0.05004766143308322], [0.2859040623016293, -0.20048847220879865, -0.26994707665270495, 0.14363879713301078, 0.5599015065227211, -0.13602119806984397], [0.4385552431558232, -0.1047222687060434, -0.21918854681648317, 0.021576795496133935, -0.33494196094010426, -0.36462262376490273]], \"dtype\": \"float64\", \"shape\": [9, 6], \"Corder\": true}, {\"__ndarray__\": [[0.19682713242519684, 0.19682713242519684, -0.2952406986377953, -0.14762034931889764, -0.4920678310629921, 0.4428610479566929, 0.3444474817440945, -0.24603391553149606, 0.4428610479566929], [0.22461329223643353, -0.12610613957326805, -0.42459979630707567, -0.1538466595185876, 0.3444919682506452, -0.006085930523839355, -0.43988538913428255, -0.6460993567639811, -0.006085930523839355], [0.08262513800720604, -0.09886554838560588, -0.41716938855942465, -0.054406741572370715, 0.014429084879669804, -0.7397247170077375, 0.2092716312305074, 0.20338379906597182, 0.4169506627608547], [-0.08484027813353805, -0.026607476301273355, 0.1438366927995691, -0.5935725278760408, 0.4884038398028544, 0.2828413478125908, -0.06729370858876677, 0.32194329373274316, 0.4385924778070926], [0.7990860960847398, 0.20641298216044252, 0.05446617990513187, 0.3226650849598147, 0.362017538726964, 0.10773699295843563, 0.15865130868297803, 0.20902711345778582, -0.015787238896117925], [0.17118654211942358, -0.8063399014866963, -0.0001260090977346614, -0.1783167464382292, 0.018343317933693808, 0.11646739931389774, 0.4577334878721239, -0.04114385359421855, -0.252191108948458], [0.3578478060783259, 0.07246506187540097, 0.6345725669810168, -0.40323337743974286, -0.25399842199089595, -0.370022550726417, -0.05455396061204019, -0.30609153955255025, 0.057569173389938326], [-0.0583134680314235, 0.4773913190225144, -0.24251455722145668, -0.4620797581364932, 0.15284112741872133, -0.10283224039531978, 0.39624522905280857, -0.026162229859264734, -0.5520293730161401]], \"dtype\": \"float64\", \"shape\": [8, 9], \"Corder\": true}, {\"__ndarray__\": [[0.39557454095171996, 0.39557454095171996, 0.346127723332755, -0.346127723332755, -0.049446817618964994, -0.19778727047585998, -0.29668090571378997, -0.445021358570685, -0.346127723332755], [0.19536429232758384, 0.15016972474004922, -0.5521693256139177, -0.3065274585492397, 0.38233057174686347, -0.052487578576257306, -0.2369123544207571, -0.17459026128099717, 0.5521693256139177], [0.3549577864887925, -0.5166726065754792, 0.08849225732951982, -0.23947915754167226, 0.3035573088495494, -0.5352614743306368, 0.3691677152960705, 0.13822327072348012, -0.08849225732951982], [-0.03808531964702414, -0.047481819033217354, 0.21261182951957597, -0.1098313163739911, -0.4711933995039986, -0.433164978518301, -0.45007996928582966, 0.4090544128234715, 0.39934404490749664], [0.18190899974491687, 0.32094455535346766, -0.2859344575319985, -0.2865723209764583, -0.5690871743391988, -0.010950810283367057, 0.6063824840291987, 0.05407144208208914, 0.07360657405955931], [-0.0340688760224942, 0.3597821014184289, 0.5692910925244924, -0.23671800484759964, 0.3715818135270818, 0.24998969886539144, 0.25950415614757416, 0.33084516814477755, 0.3345139186826478]], \"dtype\": \"float64\", \"shape\": [6, 9], \"Corder\": true}, {\"__ndarray__\": [[-0.2760262235464655, 0.34503277943308186, 0.4830458912063146, 0.2760262235464655, 0.0, -0.552052447092931, -0.4140393353196982, -0.13801311177323275], [-0.4671054340436015, 0.35681665103067667, -0.5197268793973345, -0.34023729137444364, -0.05045892033862782, 0.12542645902398125, -0.24652786801775187, -0.43538839837631205], [0.2278353724655292, -0.15073341806778617, -0.31132148587883113, 0.574178796396875, -0.4668009805522949, 0.18965498802597164, -0.4914562905826919, -0.05802297321820972]], \"dtype\": \"float64\", \"shape\": [3, 8], \"Corder\": true}, {\"__ndarray__\": [[0.13018891081133235, 0.9113223756793264, -0.39056673243399703, 0.0], [0.6015724394225168, -0.34278278225479936, -0.5993023557995578, 0.4018049874893309], [0.4861832067582847, -0.08818027936761658, -0.04369293624566403, -0.8682977894129192], [0.6203122829426023, 0.2102753304445573, 0.6974132076867251, 0.29088091090122853], [0.11679520909054175, -0.8677531625587603, -0.2748787896626316, -0.15544382180751914]], \"dtype\": \"float64\", \"shape\": [5, 4], \"Corder\": true}, {\"__ndarray__\": [[0.0, -0.43685202794883954, -0.0873704055897679, -0.3494816223590716, 0.0, -0.2621112167693037, -0.6989632447181432, 0.3494816223590716], [-0.3592902386278367, -0.2024093107820022, -0.2704276148782159, 0.2835924472729157, -0.7185804772556734, 0.2665878712488623, 0.06417856046686006, 0.291271934531623], [0.2836531770481044, 0.25908001371691275, -0.33279950249491064, 0.239057436257451, 0.17595598182725952, -0.3491816115980728, 0.23602371234296432, 0.6898687958158695], [0.3394966309684216, -0.11493927984820358, -0.6485321979975774, 0.40310393905870756, 0.09268303596200944, 0.07721521812214338, -0.29406342981031336, -0.4329186582983271], [-0.5798525673297835, -0.07351385996355816, 0.14840724020963098, 0.5473033331776636, 0.5236792402019959, 0.06362786431463949, -0.21076212246795084, 0.11870947559776093], [-0.40902497766630347, 0.7394073457826932, -0.3101253153681475, -0.2392611010668365, -0.0975480740967712, -0.12166880501342352, -0.31130706610567366, -0.10639897133728256]], \"dtype\": \"float64\", \"shape\": [6, 8], \"Corder\": true}, {\"__ndarray__\": [[0.5547001946867677, -0.8320502920301515], [0.8320502872224593, 0.554700201481639], [-0.8900756664025232, 0.24307285189927327], [-0.0993065317221876, 0.37925355280666523], [-0.3130584946658131, 0.5883206414367209], [-0.13007670571778865, 0.13556396869625684], [-0.34026848151462014, -0.18181768953818922]], \"dtype\": \"float64\", \"shape\": [7, 2], \"Corder\": true}, {\"__ndarray__\": [[0.47963209655063366, 0.5481509674864384, 0.5481509674864384, 0.4111132256148288], [-0.45805947780140377, 0.032317077497908124, -0.2669671813402909, 0.8472695199284785], [0.3546619248273044, -0.8326790448404501, 0.28691939906273833, 0.31390728536732665], [-0.6590519557415311, -0.07163608190425629, 0.7388750226296046, -0.12075796505690593]], \"dtype\": \"float64\", \"shape\": [4, 4], \"Corder\": true}, {\"__ndarray__\": [[0.4351941395104567, -0.261116483706274, -0.08703882790209133, -0.3481553116083653, 0.783349451118822], [0.6818459510778906, 0.5340924768788922, 0.3911833787394334, -0.1937750482256382, -0.2434299045404349], [0.5126872871728817, -0.039041382831518257, -0.598177830309158, 0.6073773243409057, -0.09435879445161008], [-0.09761375638416786, 0.2150273247859921, 0.509528498258958, 0.6728410658162061, 0.48156039266793016], [-0.2707682723842074, 0.7738232477739636, -0.47113033976215113, -0.14005996885696956, 0.2937712075322853], [0.2053430046383836, -0.6172020896609796, 0.1786753415562882, 0.1469847869544452, -0.34412813400208486], [-0.3811094413395961, 0.33640725355592926, 0.16489431904206164, 0.5786912504815274, 0.1362121566378783]], \"dtype\": \"float64\", \"shape\": [7, 5], \"Corder\": true}, {\"__ndarray__\": [[-0.5263613556214948, 0.06579516945268685, 0.32897584726343426, 0.1315903389053737, 0.06579516945268685, -0.6579516945268685, -0.3947710167161211], [-0.20804539527585467, -0.4040789325699411, 0.42137600903346983, 0.3017378948070157, 0.594827251382267, 0.2671437418799581, 0.3156716515205406], [0.5082023104212563, 0.12112125949848165, -0.16521694544301005, 0.6497067105213795, 0.30160427788071265, -0.0602508632598939, -0.42784260504161475], [-0.26013869103108656, 0.6988376058484703, -0.16923461227759198, -0.2386253159164445, 0.5487665684907064, 0.23301380476049055, -0.05414134218019551], [-0.4396400318939937, -0.40943618749500826, -0.7785614762002487, 0.11170894690784446, 0.1077426383125718, 0.010633087046540337, -0.0933822757913479], [-0.3968273399234188, 0.22991751771976163, 0.13034927901614543, 0.4746244040799121, -0.47966851579753805, 0.5428542100428478, -0.15044652629363012], [-0.05444091348620144, 0.32991937651853603, -0.18743331784936254, 0.41812696739477717, -0.08972894567240196, -0.37815926795002214, 0.7260662951742828], [-0.40107474582024477, -0.34459760997831573, 0.07263030578791384, 0.09364226776279626, -0.536815907536294, -0.05087275255872764, 0.17679734948963371]], \"dtype\": \"float64\", \"shape\": [8, 7], \"Corder\": true}, {\"__ndarray__\": [[-0.9615239463200684, 0.2747211275200196], [-0.2747211264869233, -0.9615239468025923], [-0.6612530149804765, -0.2231388987397252], [-0.26002994166275534, 0.6383508693109989], [-0.19208757302041535, -0.4266673172543527], [-0.45484907840964306, -0.0934328988730856], [-0.11115144533964186, 0.4625116476595518], [0.3342776827082833, 0.2890611869227586], [0.03881142424799408, 0.10779012686846129]], \"dtype\": \"float64\", \"shape\": [9, 2], \"Corder\": true}, {\"__ndarray__\": [[0.0, 0.3529411762629758, -0.3529411762629758, 0.3529411762629758, 0.5294117643944637, -0.470588235017301, 0.3529411762629758], [-0.5070507804394367, -0.3641564237315368, -0.42458923472980914, -0.026122570105245674, 0.4678669252815682, 0.27896565442598226, -0.3641564237315368], [0.16639372678468098, 0.2836547612580187, 0.3602142661884515, -0.6176080379392263, 0.5486564083219688, -0.1010116697260679, -0.2634993027471443]], \"dtype\": \"float64\", \"shape\": [3, 7], \"Corder\": true}, {\"__ndarray__\": [[0.33567254303698546, 0.0, 0.08391813575924637, 0.0, 0.41959067879623185, -0.5035088145554782, 0.6713450860739709], [-0.04298405814345845, -0.1453270531423797, -0.047077777821459534, -0.6539717391407086, 0.6365734297469804, -0.008187439356002198, -0.37662222257167627], [-0.38987798019865966, -0.8464433616612815, -0.1339738160277416, 0.19343960251837441, 0.10617375508527924, 0.11156485534242179, 0.22900075902616313], [0.5942636011593121, -0.43035622664180695, 0.4931841795869168, -0.2801241949569914, -0.3122694172704488, 0.2057811042308327, -0.009275612507156167], [-0.09509244670572516, -0.22151078307845198, -0.0013987410891164941, -0.07064803568531954, -0.35051109401793035, -0.8293660512642564, -0.3552340348702824], [-0.21606575072976994, 0.07662964977242051, -0.3341718523575899, -0.6624600300879774, -0.4319035258318038, 0.04847677976819211, 0.45610164793873537]], \"dtype\": \"float64\", \"shape\": [6, 7], \"Corder\": true}, {\"__ndarray__\": [[-0.4016096641286688, 0.4016096641286688, -0.8032193282573376, -0.1606438656514675, 0.0, -0.08032193282573374], [0.5024033361193245, 0.030970068066281442, -0.16861481696968408, 0.07295171744318439, 0.21334936167424237, -0.8169215879753774]], \"dtype\": \"float64\", \"shape\": [2, 6], \"Corder\": true}, {\"__ndarray__\": [[-0.3054236107041959, 0.12216944428167835, 0.0, -0.5497624992675526, -0.2443388885633567, 0.36650833284503503, -0.5497624992675526, -0.3054236107041959], [-0.27933235642019105, 0.5119926399724508, -0.250162310877734, 0.1351156511818777, -0.5862012359088671, -0.09007710078791846, 0.0725750734624442, 0.4711545762130109], [-0.4290601377988984, 0.02942445928375343, 0.5219124116153778, 0.6194006219902919, 0.11595028657645148, 0.2384733366420947, -0.293853081169759, 0.04825212007578436], [-0.5451311071669966, -0.020063828086758193, -0.6596329327997729, 0.20277357695969342, 0.32951883265218485, -0.003910199013521367, 0.12415030998685388, -0.3196647245260028]], \"dtype\": \"float64\", \"shape\": [4, 8], \"Corder\": true}, {\"__ndarray__\": [[-0.9938837335760577, 0.1104315259528953], [0.11043152703784084, 0.9938837329957384], [-0.5200518337710481, -0.17678323457776307], [-0.003487036165654422, -0.7603487926219721], [0.29637209054175767, 0.43572495458689725], [-0.5808979562608783, 0.33760580851934], [0.2954164294745189, 0.20115798682786204], [-0.41638357791800773, 0.18392612504816605], [0.2600198837343059, 0.09144973695187002]], \"dtype\": \"float64\", \"shape\": [9, 2], \"Corder\": true}, {\"__ndarray__\": [[-0.6467616662406788, 0.0, 0.3233808331203394, 0.24253562484025454, -0.6467616662406788], [0.2760549823214085, -0.5923760481287036, 0.6024425690001751, -0.43673214544292394, -0.13860825136868396], [-0.2536273740415399, -0.18787861885747956, -0.6144493201725065, -0.6577756766099363, -0.3002631654361125], [0.47289541653876255, -0.4121177918981941, -0.3703805786515748, 0.4967297802059619, -0.4718120375116799]], \"dtype\": \"float64\", \"shape\": [4, 5], \"Corder\": true}, {\"__ndarray__\": [[0.0, 0.3947710167161211, -0.3947710167161211, 0.06579516945268685, -0.19738550835806054, -0.5263613556214948, 0.5921565250741817, 0.1315903389053737], [0.4788220585699352, 0.1554617071933377, -0.5278788638588429, 0.38946036603902556, 0.16168017568829873, 0.34247638358177157, -0.21902827230382108, 0.353301124460331], [-0.7313614948878967, 0.17168442677278764, -0.47237763831600804, 0.15333808064320095, 0.18390275709265327, 0.17993188160783916, -0.15537720076908948, -0.31407616799256977], [-0.1115984360173328, 0.44974444254199664, 0.13983959621875772, -0.45781319334816134, 0.5773815258895872, -0.12799276665313236, -0.17060881586404977, 0.42103295297923915], [-0.1820438047760454, -0.39817224734280504, 0.16418040926463287, 0.38513717709418915, 0.5353139901682042, 0.08163258908138339, 0.5284071783793107, 0.2461584192056551], [0.06907239677536493, -0.4282420044579328, -0.2305479566275123, 0.10891847074224584, 0.2447629003924566, -0.7123714298862543, -0.4204229251878781, -0.051815282642786176], [-0.34165678589662724, -0.39824280930624106, -0.2389845703337609, -0.28318915947229484, -0.3924508904156313, 0.09142903794962123, -0.05623791192073429, 0.6494797189885033], [-0.2621932176697071, 0.2961624627391042, 0.4307932341288649, 0.6086839476869075, -0.2592704840713395, -0.18547187337079268, -0.29832119995472495, 0.311202527571088]], \"dtype\": \"float64\", \"shape\": [8, 8], \"Corder\": true}, {\"__ndarray__\": [[0.09841356621259842, -0.14762034931889764, 0.2952406986377953, 0.24603391553149606, -0.14762034931889764, -0.4920678310629921, -0.4920678310629921, -0.4428610479566929, 0.3444474817440945], [-0.6111514232656442, 0.06706755962843476, -0.07749114757220074, 0.3980164791146276, 0.4635753614211161, -0.34288118475190515, 0.33684647546412005, -0.0820171795380396, 0.0700849142723273], [-0.2631785015218165, 0.34365368139963676, 0.22996249635017488, -0.36763763055791404, -0.48553788693655137, -0.2809633579702064, 0.30728497581678405, -0.33846507923299457, -0.31769313985584685], [-0.5513810276556717, -0.25542035565648774, 0.25152665136362795, 0.23000386906946804, -0.4781784979243328, 0.16806414664238484, -0.21858809906772356, 0.4576808336979869, -0.02047510979394849]], \"dtype\": \"float64\", \"shape\